# Created by Octave 3.2.4, Fri Dec 14 19:53:59 2012 BRST <renatoppl@arpoador>
# name: v
# type: matrix
# rows: 1
# columns: 6
 0.4063738017955424 0.5265521704397171 0.3895204343856866 0.056568841657663 0.3266639943072465 0.1366196000875653
# name: B
# type: matrix
# rows: 1
# columns: 6
 0.1024320653715952 0.08187084334593901 0.02657575123486673 0.09302142339440193 0.1079474633764377 0.02547509219852029
# name: s
# type: scalar
1
